9.99332445926119e-07
9.99332445926119e-07
9.99332445926119e-07
9.99332445926119e-07
9.99332445926119e-07
9.99332445926119e-07
9.99332445926119e-07
9.99332445926119e-07
9.99332445926119e-07
9.99332445926119e-07
9.99332445926119e-07
9.99332445926119e-07
9.99332445926119e-07
9.99332445926119e-07
9.99332445926119e-07
9.99332445926119e-07
9.99332445926119e-07
9.99332445926119e-07
9.99332445926119e-07
9.99332445926119e-07
9.99332445926119e-07
9.99332445926119e-07
9.99332445926119e-07
9.99332445926119e-07
9.99332445926119e-07
9.99332445926119e-07
9.99332445926119e-07
9.99332445926119e-07
9.99332445926119e-07
9.99332445926119e-07
9.99332445926119e-07
9.99332445926119e-07
9.99332445926119e-07
9.99332445926119e-07
9.99332445926119e-07
9.99332445926119e-07
9.99332445926119e-07
9.99332445926119e-07
9.99332445926119e-07
9.99332445926119e-07
9.99332445926119e-07
9.99332445926119e-07
9.99332445926119e-07
9.99332445926119e-07
9.99332445926119e-07
9.99332445926119e-07
9.99332445926119e-07
9.99332445926119e-07
9.99332445926119e-07
9.99332445926119e-07
9.99332445926119e-07
9.99332445926119e-07
9.99332445926119e-07
9.99332445926119e-07
9.99332445926119e-07
9.99332445926119e-07
9.99332445926119e-07
9.99332445926119e-07
9.99332445926119e-07
9.99332445926119e-07
9.99332445926119e-07
9.99332445926119e-07
9.99332445926119e-07
9.99332445926119e-07
9.99332445926119e-07
9.99332445926119e-07
9.99332445926119e-07
9.99332445926119e-07
9.99332445926119e-07
9.99332445926119e-07
9.99332445926119e-07
9.99332445926119e-07
9.99332445926119e-07
9.99332445926119e-07
9.99332445926119e-07
9.99332445926119e-07
9.99332445926119e-07
9.99332445926119e-07
9.99332445926119e-07
9.99332445926119e-07
9.99332445926119e-07
9.99332445926119e-07
9.99332445926119e-07
9.99332445926119e-07
9.99332445926119e-07
9.99332445926119e-07
9.99332445926119e-07
9.99332445926119e-07
9.99332445926119e-07
9.99332445926119e-07
9.99332445926119e-07
9.99332445926119e-07
9.99332445926119e-07
9.99332445926119e-07
9.99332445926119e-07
9.99332445926119e-07
9.99332445926119e-07
9.99332445926119e-07
9.99332445926119e-07
9.99332445926119e-07
9.99332445926119e-07
9.99332445926119e-07
9.99332445926119e-07
9.99332445926119e-07
9.99332445926119e-07
9.99332445926119e-07
9.99332445926119e-07
9.99332445926119e-07
9.99332445926119e-07
9.99332445926119e-07
9.99332445926119e-07
9.99332445926119e-07
9.99332445926119e-07
9.99332445926119e-07
9.99332445926119e-07
9.99332445926119e-07
9.99332445926119e-07
9.99332445926119e-07
9.99332445926119e-07
9.99332445926119e-07
9.99332445926119e-07
9.99332445926119e-07
9.99332445926119e-07
9.99332445926119e-07
9.99332445926119e-07
9.99332445926119e-07
9.99332445926119e-07
9.99332445926119e-07
9.99332445926119e-07
9.99332445926119e-07
9.99332445926119e-07
9.99332445926119e-07
9.99332445926119e-07
9.99332445926119e-07
9.99332445926119e-07
9.99332445926119e-07
9.99332445926119e-07
9.99332445926119e-07
9.99332445926119e-07
9.99332445926119e-07
9.99332445926119e-07
9.99332445926119e-07
9.99332445926119e-07
9.99332445926119e-07
9.99332445926119e-07
9.99332445926119e-07
9.99332445926119e-07
9.99332445926119e-07
9.99332445926119e-07
9.99332445926119e-07
9.99332445926119e-07
9.99332445926119e-07
9.99332445926119e-07
9.99332445926119e-07
9.99332445926119e-07
9.99332445926119e-07
9.99332445926119e-07
9.99332445926119e-07
9.99332445926119e-07
9.99332445926119e-07
9.99332445926119e-07
9.99332445926119e-07
9.99332445926119e-07
9.99332445926119e-07
9.99332445926119e-07
9.99332445926119e-07
9.99332445926119e-07
9.99332445926119e-07
9.99332445926119e-07
9.99332445926119e-07
9.99332445926119e-07
9.99332445926119e-07
9.99332445926119e-07
9.99332445926119e-07
9.99332445926119e-07
9.99332445926119e-07
9.99332445926119e-07
9.99332445926119e-07
9.99332445926119e-07
9.99332445926119e-07
9.99332445926119e-07
9.99332445926119e-07
9.99332445926119e-07
9.99332445926119e-07
9.99332445926119e-07
9.99332445926119e-07
9.99332445926119e-07
9.99332445926119e-07
9.99332445926119e-07
9.99332445926119e-07
9.99332445926119e-07
9.99332445926119e-07
9.99332445926119e-07
9.99332445926119e-07
9.99332445926119e-07
9.99332445926119e-07
9.99332445926119e-07
9.99332445926119e-07
9.99332445926119e-07
9.99332445926119e-07
9.99332445926119e-07
9.99332445926119e-07
0.00454882006382323
0.0100182346643726
0.00861026654937970
0.00817704559092034
0.00324915718844517
0.00194949431306710
9.99332445926119e-07
9.99332445926119e-07
9.99332445926119e-07
9.99332445926119e-07
9.99332445926119e-07
9.99332445926119e-07
9.99332445926119e-07
9.99332445926119e-07
9.99332445926119e-07
9.99332445926119e-07
9.99332445926119e-07
9.99332445926119e-07
9.99332445926119e-07
9.99332445926119e-07
9.99332445926119e-07
9.99332445926119e-07
9.99332445926119e-07
9.99332445926119e-07
9.99332445926119e-07
9.99332445926119e-07
9.99332445926119e-07
9.99332445926119e-07
0.0120218815972471
0.0137547654310845
0.0137547654310845
0.0137547654310845
0.0137547654310845
0.0130507813735881
0.0107222187218691
0.0107222187218691
0.0107222187218691
0.0107222187218691
0.0107222187218691
0.0107222187218691
0.0107222187218691
0.0107222187218691
0.00920594536726131
0.00281593622998581
9.99332445926119e-07
9.99332445926119e-07
9.99332445926119e-07
9.99332445926119e-07
9.99332445926119e-07
9.99332445926119e-07
9.99332445926119e-07
9.99332445926119e-07
9.99332445926119e-07
9.99332445926119e-07
9.99332445926119e-07
9.99332445926119e-07
0.00362822552709710
0.00617339865804582
0.00389898862613420
0.00617339865804582
0.00882687702860937
0.0122926446962842
0.0137547654310845
0.0121843394566694
0.0137547654310845
0.0137547654310845
0.0137547654310845
0.0135381549518549
0.0124009499358991
0.0137547654310845
0.0137547654310845
0.00758136677303873
9.99332445926119e-07
9.99332445926119e-07
9.99332445926119e-07
9.99332445926119e-07
9.99332445926119e-07
9.99332445926119e-07
9.99332445926119e-07
9.99332445926119e-07
9.99332445926119e-07
9.99332445926119e-07
9.99332445926119e-07
9.99332445926119e-07
9.99332445926119e-07
9.99332445926119e-07
9.99332445926119e-07
9.99332445926119e-07
9.99332445926119e-07
0.000920594536726131
0.00357407290728969
0.000758136677303873
0.00362822552709710
0.00362822552709710
0.00362822552709710
0.00319500456863775
0.00113720501595581
0.0127800182745510
0.0137547654310845
0.00574017769958646
9.99332445926119e-07
9.99332445926119e-07
9.99332445926119e-07
9.99332445926119e-07
9.99332445926119e-07
9.99332445926119e-07
9.99332445926119e-07
9.99332445926119e-07
9.99332445926119e-07
9.99332445926119e-07
9.99332445926119e-07
9.99332445926119e-07
9.99332445926119e-07
9.99332445926119e-07
9.99332445926119e-07
9.99332445926119e-07
9.99332445926119e-07
9.99332445926119e-07
9.99332445926119e-07
9.99332445926119e-07
9.99332445926119e-07
9.99332445926119e-07
9.99332445926119e-07
9.99332445926119e-07
0.00449466744401582
0.0137006128112771
0.0113178975397507
0.000974747156533550
9.99332445926119e-07
9.99332445926119e-07
9.99332445926119e-07
9.99332445926119e-07
9.99332445926119e-07
9.99332445926119e-07
9.99332445926119e-07
9.99332445926119e-07
9.99332445926119e-07
9.99332445926119e-07
9.99332445926119e-07
9.99332445926119e-07
9.99332445926119e-07
9.99332445926119e-07
9.99332445926119e-07
9.99332445926119e-07
9.99332445926119e-07
9.99332445926119e-07
9.99332445926119e-07
9.99332445926119e-07
9.99332445926119e-07
9.99332445926119e-07
9.99332445926119e-07
0.00119135763576323
0.0126175604151287
0.0138089180508920
0.00449466744401582
9.99332445926119e-07
9.99332445926119e-07
9.99332445926119e-07
9.99332445926119e-07
9.99332445926119e-07
9.99332445926119e-07
9.99332445926119e-07
9.99332445926119e-07
9.99332445926119e-07
9.99332445926119e-07
9.99332445926119e-07
9.99332445926119e-07
9.99332445926119e-07
9.99332445926119e-07
9.99332445926119e-07
9.99332445926119e-07
9.99332445926119e-07
9.99332445926119e-07
9.99332445926119e-07
9.99332445926119e-07
9.99332445926119e-07
9.99332445926119e-07
9.99332445926119e-07
9.99332445926119e-07
0.00698568795515711
0.0137547654310845
0.0128883235141658
0.00238271527152646
9.99332445926119e-07
9.99332445926119e-07
9.99332445926119e-07
9.99332445926119e-07
9.99332445926119e-07
9.99332445926119e-07
9.99332445926119e-07
9.99332445926119e-07
9.99332445926119e-07
9.99332445926119e-07
9.99332445926119e-07
9.99332445926119e-07
9.99332445926119e-07
9.99332445926119e-07
9.99332445926119e-07
9.99332445926119e-07
9.99332445926119e-07
9.99332445926119e-07
9.99332445926119e-07
9.99332445926119e-07
9.99332445926119e-07
9.99332445926119e-07
9.99332445926119e-07
0.00319500456863775
0.0134840023320474
0.0137547654310845
0.00335746242806001
9.99332445926119e-07
9.99332445926119e-07
9.99332445926119e-07
9.99332445926119e-07
9.99332445926119e-07
9.99332445926119e-07
9.99332445926119e-07
9.99332445926119e-07
9.99332445926119e-07
9.99332445926119e-07
9.99332445926119e-07
9.99332445926119e-07
9.99332445926119e-07
9.99332445926119e-07
9.99332445926119e-07
9.99332445926119e-07
9.99332445926119e-07
9.99332445926119e-07
9.99332445926119e-07
9.99332445926119e-07
9.99332445926119e-07
9.99332445926119e-07
9.99332445926119e-07
9.99332445926119e-07
0.00720229843438679
0.0137547654310845
0.0101265399039874
0.000270763099037097
9.99332445926119e-07
9.99332445926119e-07
9.99332445926119e-07
9.99332445926119e-07
9.99332445926119e-07
9.99332445926119e-07
9.99332445926119e-07
9.99332445926119e-07
9.99332445926119e-07
9.99332445926119e-07
9.99332445926119e-07
9.99332445926119e-07
9.99332445926119e-07
9.99332445926119e-07
9.99332445926119e-07
9.99332445926119e-07
9.99332445926119e-07
9.99332445926119e-07
9.99332445926119e-07
9.99332445926119e-07
9.99332445926119e-07
9.99332445926119e-07
9.99332445926119e-07
0.000487373578266775
0.0111012870605210
0.0134298497122400
0.00314085194883033
9.99332445926119e-07
9.99332445926119e-07
9.99332445926119e-07
9.99332445926119e-07
9.99332445926119e-07
9.99332445926119e-07
9.99332445926119e-07
9.99332445926119e-07
9.99332445926119e-07
9.99332445926119e-07
9.99332445926119e-07
9.99332445926119e-07
9.99332445926119e-07
9.99332445926119e-07
9.99332445926119e-07
9.99332445926119e-07
9.99332445926119e-07
9.99332445926119e-07
9.99332445926119e-07
9.99332445926119e-07
9.99332445926119e-07
9.99332445926119e-07
9.99332445926119e-07
9.99332445926119e-07
0.00682323009573485
0.0137547654310845
0.00985577680495034
9.99332445926119e-07
9.99332445926119e-07
9.99332445926119e-07
9.99332445926119e-07
9.99332445926119e-07
9.99332445926119e-07
9.99332445926119e-07
9.99332445926119e-07
9.99332445926119e-07
9.99332445926119e-07
9.99332445926119e-07
9.99332445926119e-07
9.99332445926119e-07
9.99332445926119e-07
9.99332445926119e-07
9.99332445926119e-07
9.99332445926119e-07
9.99332445926119e-07
9.99332445926119e-07
9.99332445926119e-07
9.99332445926119e-07
9.99332445926119e-07
9.99332445926119e-07
9.99332445926119e-07
0.00406144648555646
0.0135923075716623
0.0129966287537807
0.00308669932902291
9.99332445926119e-07
9.99332445926119e-07
9.99332445926119e-07
9.99332445926119e-07
9.99332445926119e-07
9.99332445926119e-07
9.99332445926119e-07
9.99332445926119e-07
9.99332445926119e-07
9.99332445926119e-07
9.99332445926119e-07
9.99332445926119e-07
9.99332445926119e-07
9.99332445926119e-07
9.99332445926119e-07
9.99332445926119e-07
9.99332445926119e-07
9.99332445926119e-07
9.99332445926119e-07
9.99332445926119e-07
9.99332445926119e-07
9.99332445926119e-07
9.99332445926119e-07
0.00102889977634097
0.0119677289774397
0.0137547654310845
0.00898933488803163
9.99332445926119e-07
9.99332445926119e-07
9.99332445926119e-07
9.99332445926119e-07
9.99332445926119e-07
9.99332445926119e-07
9.99332445926119e-07
9.99332445926119e-07
9.99332445926119e-07
9.99332445926119e-07
9.99332445926119e-07
9.99332445926119e-07
9.99332445926119e-07
9.99332445926119e-07
9.99332445926119e-07
9.99332445926119e-07
9.99332445926119e-07
9.99332445926119e-07
9.99332445926119e-07
9.99332445926119e-07
9.99332445926119e-07
9.99332445926119e-07
9.99332445926119e-07
0.000162457859422258
0.0109929818209062
0.0137547654310845
0.0118594237378249
0.00189534169325968
9.99332445926119e-07
9.99332445926119e-07
9.99332445926119e-07
9.99332445926119e-07
9.99332445926119e-07
9.99332445926119e-07
9.99332445926119e-07
9.99332445926119e-07
9.99332445926119e-07
9.99332445926119e-07
9.99332445926119e-07
9.99332445926119e-07
9.99332445926119e-07
9.99332445926119e-07
9.99332445926119e-07
9.99332445926119e-07
9.99332445926119e-07
9.99332445926119e-07
9.99332445926119e-07
9.99332445926119e-07
9.99332445926119e-07
9.99332445926119e-07
9.99332445926119e-07
0.00205779955268194
0.0137547654310845
0.0137547654310845
0.00416975172517130
9.99332445926119e-07
9.99332445926119e-07
9.99332445926119e-07
9.99332445926119e-07
9.99332445926119e-07
9.99332445926119e-07
9.99332445926119e-07
9.99332445926119e-07
9.99332445926119e-07
9.99332445926119e-07
9.99332445926119e-07
9.99332445926119e-07
9.99332445926119e-07
9.99332445926119e-07
9.99332445926119e-07
9.99332445926119e-07
9.99332445926119e-07
9.99332445926119e-07
9.99332445926119e-07
9.99332445926119e-07
9.99332445926119e-07
9.99332445926119e-07
9.99332445926119e-07
0.00167873121403000
0.0121301868368620
0.0137547654310845
0.00622755127785324
5.41526198074195e-05
9.99332445926119e-07
9.99332445926119e-07
9.99332445926119e-07
9.99332445926119e-07
9.99332445926119e-07
9.99332445926119e-07
9.99332445926119e-07
9.99332445926119e-07
9.99332445926119e-07
9.99332445926119e-07
9.99332445926119e-07
9.99332445926119e-07
9.99332445926119e-07
9.99332445926119e-07
9.99332445926119e-07
9.99332445926119e-07
9.99332445926119e-07
9.99332445926119e-07
9.99332445926119e-07
9.99332445926119e-07
9.99332445926119e-07
9.99332445926119e-07
9.99332445926119e-07
0.00720229843438679
0.0137547654310845
0.0137547654310845
0.00281593622998581
9.99332445926119e-07
9.99332445926119e-07
9.99332445926119e-07
9.99332445926119e-07
9.99332445926119e-07
9.99332445926119e-07
9.99332445926119e-07
9.99332445926119e-07
9.99332445926119e-07
9.99332445926119e-07
9.99332445926119e-07
9.99332445926119e-07
9.99332445926119e-07
9.99332445926119e-07
9.99332445926119e-07
9.99332445926119e-07
9.99332445926119e-07
9.99332445926119e-07
9.99332445926119e-07
9.99332445926119e-07
9.99332445926119e-07
9.99332445926119e-07
9.99332445926119e-07
0.00330330980825259
0.0131049339933955
0.0137547654310845
0.0137547654310845
0.00281593622998581
9.99332445926119e-07
9.99332445926119e-07
9.99332445926119e-07
9.99332445926119e-07
9.99332445926119e-07
9.99332445926119e-07
9.99332445926119e-07
9.99332445926119e-07
9.99332445926119e-07
9.99332445926119e-07
9.99332445926119e-07
9.99332445926119e-07
9.99332445926119e-07
9.99332445926119e-07
9.99332445926119e-07
9.99332445926119e-07
9.99332445926119e-07
9.99332445926119e-07
9.99332445926119e-07
9.99332445926119e-07
9.99332445926119e-07
9.99332445926119e-07
9.99332445926119e-07
0.00655246699669775
0.0137547654310845
0.0137547654310845
0.0118594237378249
0.00216610479229678
9.99332445926119e-07
9.99332445926119e-07
9.99332445926119e-07
9.99332445926119e-07
9.99332445926119e-07
9.99332445926119e-07
9.99332445926119e-07
9.99332445926119e-07
9.99332445926119e-07
9.99332445926119e-07
9.99332445926119e-07
9.99332445926119e-07
9.99332445926119e-07
9.99332445926119e-07
9.99332445926119e-07
9.99332445926119e-07
9.99332445926119e-07
9.99332445926119e-07
9.99332445926119e-07
9.99332445926119e-07
9.99332445926119e-07
9.99332445926119e-07
9.99332445926119e-07
0.00655246699669775
0.0137547654310845
0.0112095923001358
0.000974747156533550
9.99332445926119e-07
9.99332445926119e-07
9.99332445926119e-07
9.99332445926119e-07
9.99332445926119e-07
9.99332445926119e-07
9.99332445926119e-07
9.99332445926119e-07
9.99332445926119e-07
9.99332445926119e-07
9.99332445926119e-07
9.99332445926119e-07
9.99332445926119e-07
9.99332445926119e-07
9.99332445926119e-07
9.99332445926119e-07
9.99332445926119e-07
9.99332445926119e-07
9.99332445926119e-07
9.99332445926119e-07
9.99332445926119e-07
9.99332445926119e-07
9.99332445926119e-07
9.99332445926119e-07
9.99332445926119e-07
9.99332445926119e-07
9.99332445926119e-07
9.99332445926119e-07
9.99332445926119e-07
9.99332445926119e-07
9.99332445926119e-07
9.99332445926119e-07
9.99332445926119e-07
9.99332445926119e-07
9.99332445926119e-07
9.99332445926119e-07
9.99332445926119e-07
9.99332445926119e-07
9.99332445926119e-07
9.99332445926119e-07
9.99332445926119e-07
9.99332445926119e-07