9.99381382923986e-07
9.99381382923986e-07
9.99381382923986e-07
9.99381382923986e-07
9.99381382923986e-07
9.99381382923986e-07
9.99381382923986e-07
9.99381382923986e-07
9.99381382923986e-07
9.99381382923986e-07
9.99381382923986e-07
9.99381382923986e-07
9.99381382923986e-07
9.99381382923986e-07
9.99381382923986e-07
9.99381382923986e-07
9.99381382923986e-07
9.99381382923986e-07
9.99381382923986e-07
9.99381382923986e-07
9.99381382923986e-07
9.99381382923986e-07
9.99381382923986e-07
9.99381382923986e-07
9.99381382923986e-07
9.99381382923986e-07
9.99381382923986e-07
9.99381382923986e-07
9.99381382923986e-07
9.99381382923986e-07
9.99381382923986e-07
9.99381382923986e-07
9.99381382923986e-07
9.99381382923986e-07
9.99381382923986e-07
9.99381382923986e-07
9.99381382923986e-07
9.99381382923986e-07
9.99381382923986e-07
9.99381382923986e-07
9.99381382923986e-07
9.99381382923986e-07
9.99381382923986e-07
9.99381382923986e-07
9.99381382923986e-07
9.99381382923986e-07
9.99381382923986e-07
9.99381382923986e-07
9.99381382923986e-07
9.99381382923986e-07
9.99381382923986e-07
9.99381382923986e-07
9.99381382923986e-07
9.99381382923986e-07
9.99381382923986e-07
9.99381382923986e-07
9.99381382923986e-07
9.99381382923986e-07
9.99381382923986e-07
9.99381382923986e-07
9.99381382923986e-07
9.99381382923986e-07
9.99381382923986e-07
9.99381382923986e-07
9.99381382923986e-07
9.99381382923986e-07
9.99381382923986e-07
9.99381382923986e-07
9.99381382923986e-07
9.99381382923986e-07
9.99381382923986e-07
9.99381382923986e-07
9.99381382923986e-07
9.99381382923986e-07
9.99381382923986e-07
9.99381382923986e-07
9.99381382923986e-07
9.99381382923986e-07
9.99381382923986e-07
9.99381382923986e-07
9.99381382923986e-07
9.99381382923986e-07
9.99381382923986e-07
9.99381382923986e-07
9.99381382923986e-07
9.99381382923986e-07
9.99381382923986e-07
9.99381382923986e-07
9.99381382923986e-07
9.99381382923986e-07
9.99381382923986e-07
9.99381382923986e-07
9.99381382923986e-07
9.99381382923986e-07
0.00401830989321256
0.00433007531596181
0.00592354303223576
0.00883335364456210
0.00883335364456210
0.00519609037915417
0.00322157603507559
9.99381382923986e-07
9.99381382923986e-07
9.99381382923986e-07
9.99381382923986e-07
9.99381382923986e-07
9.99381382923986e-07
9.99381382923986e-07
9.99381382923986e-07
9.99381382923986e-07
9.99381382923986e-07
9.99381382923986e-07
9.99381382923986e-07
9.99381382923986e-07
9.99381382923986e-07
9.99381382923986e-07
9.99381382923986e-07
9.99381382923986e-07
9.99381382923986e-07
9.99381382923986e-07
9.99381382923986e-07
0.00585426182718037
0.00876407243950671
0.00876407243950671
0.00876407243950671
0.00876407243950671
0.00876407243950671
0.00876407243950671
0.00755165135103740
0.00103921807583083
9.99381382923986e-07
9.99381382923986e-07
9.99381382923986e-07
9.99381382923986e-07
9.99381382923986e-07
9.99381382923986e-07
9.99381382923986e-07
9.99381382923986e-07
9.99381382923986e-07
9.99381382923986e-07
9.99381382923986e-07
9.99381382923986e-07
9.99381382923986e-07
9.99381382923986e-07
9.99381382923986e-07
9.99381382923986e-07
9.99381382923986e-07
9.99381382923986e-07
0.00585426182718037
0.00876407243950671
0.00876407243950671
0.00876407243950671
0.00737844833839893
0.00491896555893262
0.00609674604487423
0.00876407243950671
0.00876407243950671
0.00422615350837873
9.99381382923986e-07
9.99381382923986e-07
9.99381382923986e-07
9.99381382923986e-07
9.99381382923986e-07
9.99381382923986e-07
9.99381382923986e-07
9.99381382923986e-07
9.99381382923986e-07
9.99381382923986e-07
9.99381382923986e-07
9.99381382923986e-07
9.99381382923986e-07
9.99381382923986e-07
9.99381382923986e-07
9.99381382923986e-07
9.99381382923986e-07
0.00180131133144011
0.00866015063192362
0.00876407243950671
0.00727452653081584
0.00110849928088622
0.000415687230332334
9.99381382923986e-07
0.000207843615166167
0.00713596412070507
0.00876407243950671
0.00484968435387723
9.99381382923986e-07
9.99381382923986e-07
9.99381382923986e-07
9.99381382923986e-07
9.99381382923986e-07
9.99381382923986e-07
9.99381382923986e-07
9.99381382923986e-07
9.99381382923986e-07
9.99381382923986e-07
9.99381382923986e-07
9.99381382923986e-07
9.99381382923986e-07
9.99381382923986e-07
9.99381382923986e-07
9.99381382923986e-07
9.99381382923986e-07
0.00266732639463248
0.00869479123445132
0.00727452653081584
0.000866015063192362
9.99381382923986e-07
9.99381382923986e-07
9.99381382923986e-07
0.00422615350837873
0.00859086942686823
0.00876407243950671
0.00225163916430014
9.99381382923986e-07
9.99381382923986e-07
9.99381382923986e-07
9.99381382923986e-07
9.99381382923986e-07
9.99381382923986e-07
9.99381382923986e-07
9.99381382923986e-07
9.99381382923986e-07
9.99381382923986e-07
9.99381382923986e-07
9.99381382923986e-07
9.99381382923986e-07
9.99381382923986e-07
9.99381382923986e-07
9.99381382923986e-07
9.99381382923986e-07
9.99381382923986e-07
0.00107385867835853
0.000623530845498501
9.99381382923986e-07
9.99381382923986e-07
9.99381382923986e-07
9.99381382923986e-07
0.00723988592828815
0.00876407243950671
0.00876407243950671
0.00225163916430014
9.99381382923986e-07
9.99381382923986e-07
9.99381382923986e-07
9.99381382923986e-07
9.99381382923986e-07
9.99381382923986e-07
9.99381382923986e-07
9.99381382923986e-07
9.99381382923986e-07
9.99381382923986e-07
9.99381382923986e-07
9.99381382923986e-07
9.99381382923986e-07
9.99381382923986e-07
9.99381382923986e-07
9.99381382923986e-07
9.99381382923986e-07
9.99381382923986e-07
9.99381382923986e-07
9.99381382923986e-07
9.99381382923986e-07
9.99381382923986e-07
9.99381382923986e-07
0.00405295049574026
0.00855622882434054
0.00876407243950671
0.00685883930048351
0.000346406025276945
9.99381382923986e-07
9.99381382923986e-07
9.99381382923986e-07
9.99381382923986e-07
9.99381382923986e-07
9.99381382923986e-07
9.99381382923986e-07
9.99381382923986e-07
9.99381382923986e-07
9.99381382923986e-07
9.99381382923986e-07
9.99381382923986e-07
9.99381382923986e-07
9.99381382923986e-07
9.99381382923986e-07
9.99381382923986e-07
9.99381382923986e-07
9.99381382923986e-07
9.99381382923986e-07
9.99381382923986e-07
9.99381382923986e-07
9.99381382923986e-07
0.00263268579210478
0.00855622882434054
0.00876407243950671
0.00800197918389743
0.00218235795924475
9.99381382923986e-07
9.99381382923986e-07
9.99381382923986e-07
9.99381382923986e-07
9.99381382923986e-07
9.99381382923986e-07
9.99381382923986e-07
9.99381382923986e-07
9.99381382923986e-07
9.99381382923986e-07
9.99381382923986e-07
9.99381382923986e-07
9.99381382923986e-07
9.99381382923986e-07
9.99381382923986e-07
9.99381382923986e-07
9.99381382923986e-07
9.99381382923986e-07
9.99381382923986e-07
9.99381382923986e-07
9.99381382923986e-07
9.99381382923986e-07
9.99381382923986e-07
0.00443399712354489
0.00876407243950671
0.00876407243950671
0.00498824676398801
9.99381382923986e-07
9.99381382923986e-07
9.99381382923986e-07
9.99381382923986e-07
9.99381382923986e-07
9.99381382923986e-07
9.99381382923986e-07
9.99381382923986e-07
9.99381382923986e-07
9.99381382923986e-07
9.99381382923986e-07
9.99381382923986e-07
9.99381382923986e-07
9.99381382923986e-07
9.99381382923986e-07
9.99381382923986e-07
9.99381382923986e-07
9.99381382923986e-07
9.99381382923986e-07
9.99381382923986e-07
9.99381382923986e-07
9.99381382923986e-07
9.99381382923986e-07
0.00609674604487423
0.00852158822181284
0.00876407243950671
0.00550785580190342
0.000415687230332334
9.99381382923986e-07
9.99381382923986e-07
9.99381382923986e-07
9.99381382923986e-07
9.99381382923986e-07
9.99381382923986e-07
9.99381382923986e-07
9.99381382923986e-07
9.99381382923986e-07
9.99381382923986e-07
9.99381382923986e-07
9.99381382923986e-07
9.99381382923986e-07
9.99381382923986e-07
9.99381382923986e-07
9.99381382923986e-07
9.99381382923986e-07
9.99381382923986e-07
9.99381382923986e-07
9.99381382923986e-07
9.99381382923986e-07
9.99381382923986e-07
0.000866015063192362
0.00810590099148051
0.00876407243950671
0.00807126038895282
0.00121242108846931
9.99381382923986e-07
9.99381382923986e-07
9.99381382923986e-07
9.99381382923986e-07
9.99381382923986e-07
9.99381382923986e-07
9.99381382923986e-07
9.99381382923986e-07
9.99381382923986e-07
9.99381382923986e-07
9.99381382923986e-07
9.99381382923986e-07
9.99381382923986e-07
9.99381382923986e-07
9.99381382923986e-07
9.99381382923986e-07
9.99381382923986e-07
9.99381382923986e-07
9.99381382923986e-07
9.99381382923986e-07
9.99381382923986e-07
9.99381382923986e-07
9.99381382923986e-07
0.00685883930048351
0.00876407243950671
0.00876407243950671
0.00488432495640492
9.99381382923986e-07
9.99381382923986e-07
9.99381382923986e-07
9.99381382923986e-07
9.99381382923986e-07
9.99381382923986e-07
9.99381382923986e-07
9.99381382923986e-07
9.99381382923986e-07
9.99381382923986e-07
9.99381382923986e-07
9.99381382923986e-07
9.99381382923986e-07
9.99381382923986e-07
9.99381382923986e-07
9.99381382923986e-07
9.99381382923986e-07
9.99381382923986e-07
9.99381382923986e-07
9.99381382923986e-07
9.99381382923986e-07
9.99381382923986e-07
9.99381382923986e-07
0.00270196699716017
0.00859086942686823
0.00876407243950671
0.00654707387773426
0.000415687230332334
9.99381382923986e-07
9.99381382923986e-07
9.99381382923986e-07
9.99381382923986e-07
9.99381382923986e-07
9.99381382923986e-07
9.99381382923986e-07
9.99381382923986e-07
9.99381382923986e-07
9.99381382923986e-07
9.99381382923986e-07
9.99381382923986e-07
9.99381382923986e-07
9.99381382923986e-07
9.99381382923986e-07
9.99381382923986e-07
9.99381382923986e-07
9.99381382923986e-07
9.99381382923986e-07
9.99381382923986e-07
9.99381382923986e-07
9.99381382923986e-07
0.000658171448026195
0.00692812050553890
0.00876407243950671
0.00876407243950671
0.00488432495640492
9.99381382923986e-07
9.99381382923986e-07
9.99381382923986e-07
9.99381382923986e-07
9.99381382923986e-07
9.99381382923986e-07
9.99381382923986e-07
9.99381382923986e-07
9.99381382923986e-07
9.99381382923986e-07
9.99381382923986e-07
9.99381382923986e-07
9.99381382923986e-07
9.99381382923986e-07
9.99381382923986e-07
9.99381382923986e-07
9.99381382923986e-07
9.99381382923986e-07
9.99381382923986e-07
9.99381382923986e-07
9.99381382923986e-07
9.99381382923986e-07
9.99381382923986e-07
0.00464184073871106
0.00876407243950671
0.00876407243950671
0.00599282423729115
0.000415687230332334
9.99381382923986e-07
9.99381382923986e-07
9.99381382923986e-07
9.99381382923986e-07
9.99381382923986e-07
9.99381382923986e-07
9.99381382923986e-07
9.99381382923986e-07
9.99381382923986e-07
9.99381382923986e-07
9.99381382923986e-07
9.99381382923986e-07
9.99381382923986e-07
9.99381382923986e-07
9.99381382923986e-07
9.99381382923986e-07
9.99381382923986e-07
9.99381382923986e-07
9.99381382923986e-07
9.99381382923986e-07
9.99381382923986e-07
9.99381382923986e-07
9.99381382923986e-07
0.00859086942686823
0.00876407243950671
0.00876407243950671
0.000866015063192362
9.99381382923986e-07
9.99381382923986e-07
9.99381382923986e-07
9.99381382923986e-07
9.99381382923986e-07
9.99381382923986e-07
9.99381382923986e-07
9.99381382923986e-07
9.99381382923986e-07
9.99381382923986e-07
9.99381382923986e-07
9.99381382923986e-07
9.99381382923986e-07
9.99381382923986e-07
9.99381382923986e-07
9.99381382923986e-07
9.99381382923986e-07
9.99381382923986e-07
9.99381382923986e-07
9.99381382923986e-07
9.99381382923986e-07
9.99381382923986e-07
9.99381382923986e-07
9.99381382923986e-07
0.00859086942686823
0.00876407243950671
0.00876407243950671
0.00148954590869086
0.000692812050553890
0.000692812050553890
0.000692812050553890
0.000692812050553890
0.000173203012638472
9.99381382923986e-07
0.000173203012638472
0.000692812050553890
0.000692812050553890
0.00128170229352470
0.00519609037915417
0.00519609037915417
0.00519609037915417
0.00509216857157109
0.000346406025276945
9.99381382923986e-07
9.99381382923986e-07
9.99381382923986e-07
9.99381382923986e-07
9.99381382923986e-07
9.99381382923986e-07
9.99381382923986e-07
9.99381382923986e-07
9.99381382923986e-07
0.00859086942686823
0.00876407243950671
0.00876407243950671
0.00876407243950671
0.00876407243950671
0.00876407243950671
0.00876407243950671
0.00876407243950671
0.00581962122465267
0.00495360616146031
0.00575034001959729
0.00876407243950671
0.00876407243950671
0.00876407243950671
0.00876407243950671
0.00876407243950671
0.00876407243950671
0.00876407243950671
0.00426079411090642
9.99381382923986e-07
9.99381382923986e-07
9.99381382923986e-07
9.99381382923986e-07
9.99381382923986e-07
9.99381382923986e-07
9.99381382923986e-07
9.99381382923986e-07
9.99381382923986e-07
0.00602746483981884
0.00876407243950671
0.00876407243950671
0.00876407243950671
0.00876407243950671
0.00876407243950671
0.00876407243950671
0.00876407243950671
0.00876407243950671
0.00876407243950671
0.00876407243950671
0.00876407243950671
0.00862551002939593
0.00855622882434054
0.00855622882434054
0.00585426182718037
0.00405295049574026
0.00405295049574026
0.00197451434407859
9.99381382923986e-07
9.99381382923986e-07
9.99381382923986e-07
9.99381382923986e-07
9.99381382923986e-07
9.99381382923986e-07
9.99381382923986e-07
9.99381382923986e-07
9.99381382923986e-07
9.99381382923986e-07
0.00408759109826795
0.00426079411090642
0.00426079411090642
0.00426079411090642
0.00575034001959729
0.00876407243950671
0.00876407243950671
0.00876407243950671
0.00536929339179265
0.00426079411090642
0.00426079411090642
0.00142026470363547
9.99381382923986e-07
9.99381382923986e-07
9.99381382923986e-07
9.99381382923986e-07
9.99381382923986e-07
9.99381382923986e-07
9.99381382923986e-07
9.99381382923986e-07
9.99381382923986e-07
9.99381382923986e-07
9.99381382923986e-07
9.99381382923986e-07
9.99381382923986e-07
9.99381382923986e-07
9.99381382923986e-07
9.99381382923986e-07
9.99381382923986e-07
9.99381382923986e-07
9.99381382923986e-07
9.99381382923986e-07
9.99381382923986e-07
9.99381382923986e-07
9.99381382923986e-07
9.99381382923986e-07
9.99381382923986e-07
9.99381382923986e-07
9.99381382923986e-07
9.99381382923986e-07
9.99381382923986e-07
9.99381382923986e-07
9.99381382923986e-07
9.99381382923986e-07
9.99381382923986e-07
9.99381382923986e-07
9.99381382923986e-07
9.99381382923986e-07
9.99381382923986e-07
9.99381382923986e-07
9.99381382923986e-07
9.99381382923986e-07
9.99381382923986e-07
9.99381382923986e-07
9.99381382923986e-07
9.99381382923986e-07
9.99381382923986e-07
9.99381382923986e-07
9.99381382923986e-07
9.99381382923986e-07
9.99381382923986e-07
9.99381382923986e-07
9.99381382923986e-07
9.99381382923986e-07
9.99381382923986e-07
9.99381382923986e-07
9.99381382923986e-07
9.99381382923986e-07
9.99381382923986e-07
9.99381382923986e-07
9.99381382923986e-07
9.99381382923986e-07
9.99381382923986e-07
9.99381382923986e-07
9.99381382923986e-07
9.99381382923986e-07
9.99381382923986e-07
9.99381382923986e-07
9.99381382923986e-07
9.99381382923986e-07
9.99381382923986e-07
9.99381382923986e-07
9.99381382923986e-07
9.99381382923986e-07
9.99381382923986e-07
9.99381382923986e-07
9.99381382923986e-07
9.99381382923986e-07
9.99381382923986e-07
9.99381382923986e-07
9.99381382923986e-07
9.99381382923986e-07
9.99381382923986e-07
9.99381382923986e-07
9.99381382923986e-07
9.99381382923986e-07
9.99381382923986e-07
9.99381382923986e-07
9.99381382923986e-07
9.99381382923986e-07
9.99381382923986e-07
9.99381382923986e-07
9.99381382923986e-07
9.99381382923986e-07
9.99381382923986e-07
9.99381382923986e-07
9.99381382923986e-07
9.99381382923986e-07
9.99381382923986e-07
9.99381382923986e-07
9.99381382923986e-07
9.99381382923986e-07
9.99381382923986e-07
9.99381382923986e-07
9.99381382923986e-07
9.99381382923986e-07
9.99381382923986e-07
9.99381382923986e-07
9.99381382923986e-07
9.99381382923986e-07
9.99381382923986e-07
9.99381382923986e-07
9.99381382923986e-07
9.99381382923986e-07
9.99381382923986e-07
9.99381382923986e-07
9.99381382923986e-07
9.99381382923986e-07
9.99381382923986e-07
9.99381382923986e-07
9.99381382923986e-07
9.99381382923986e-07
9.99381382923986e-07
9.99381382923986e-07
9.99381382923986e-07
9.99381382923986e-07
9.99381382923986e-07
9.99381382923986e-07
9.99381382923986e-07
9.99381382923986e-07
9.99381382923986e-07
9.99381382923986e-07
9.99381382923986e-07
9.99381382923986e-07
9.99381382923986e-07
9.99381382923986e-07
9.99381382923986e-07
9.99381382923986e-07
9.99381382923986e-07
9.99381382923986e-07
9.99381382923986e-07
9.99381382923986e-07
9.99381382923986e-07
9.99381382923986e-07
9.99381382923986e-07
9.99381382923986e-07
9.99381382923986e-07
9.99381382923986e-07
9.99381382923986e-07