3
3
3
3
3
3
3
3
3
3
3
3
3
3
3
3
3
3
3
3
3
3
3
3
3
3
3
3
3
3
3
3
3
3
3
3
3
3
3
3
3
3
3
3
3
3
3
3
3
3
3
3
3
3
3
3
3
3
3
3
3
3
3
3
3
3
3
3
3
3
3
3
3
3
3
3
3
3
3
3
3
3
3
3
3
3
3
3
3
3
3
3
3
3
8963
9658
13212
19702
19702
11590
7186
3
3
3
3
3
3
3
3
3
3
3
3
3
3
3
3
3
3
3
3
13058
19548
19548
19548
19548
19548
19548
16844
2318
3
3
3
3
3
3
3
3
3
3
3
3
3
3
3
3
3
3
13058
19548
19548
19548
16457
10972
13599
19548
19548
9426
3
3
3
3
3
3
3
3
3
3
3
3
3
3
3
3
3
4018
19316
19548
16225
2473
928
3
464
15916
19548
10817
3
3
3
3
3
3
3
3
3
3
3
3
3
3
3
3
3
5950
19393
16225
1932
3
3
3
9426
19161
19548
5023
3
3
3
3
3
3
3
3
3
3
3
3
3
3
3
3
3
3
2396
1391
3
3
3
3
16148
19548
19548
5023
3
3
3
3
3
3
3
3
3
3
3
3
3
3
3
3
3
3
3
3
3
3
3
9040
19084
19548
15298
773
3
3
3
3
3
3
3
3
3
3
3
3
3
3
3
3
3
3
3
3
3
3
5872
19084
19548
17848
4868
3
3
3
3
3
3
3
3
3
3
3
3
3
3
3
3
3
3
3
3
3
3
3
9890
19548
19548
11126
3
3
3
3
3
3
3
3
3
3
3
3
3
3
3
3
3
3
3
3
3
3
3
13599
19007
19548
12285
928
3
3
3
3
3
3
3
3
3
3
3
3
3
3
3
3
3
3
3
3
3
3
1932
18080
19548
18003
2705
3
3
3
3
3
3
3
3
3
3
3
3
3
3
3
3
3
3
3
3
3
3
3
15298
19548
19548
10894
3
3
3
3
3
3
3
3
3
3
3
3
3
3
3
3
3
3
3
3
3
3
3
6027
19161
19548
14603
928
3
3
3
3
3
3
3
3
3
3
3
3
3
3
3
3
3
3
3
3
3
3
1468
15453
19548
19548
10894
3
3
3
3
3
3
3
3
3
3
3
3
3
3
3
3
3
3
3
3
3
3
3
10354
19548
19548
13367
928
3
3
3
3
3
3
3
3
3
3
3
3
3
3
3
3
3
3
3
3
3
3
3
19161
19548
19548
1932
3
3
3
3
3
3
3
3
3
3
3
3
3
3
3
3
3
3
3
3
3
3
3
3
19161
19548
19548
3323
1546
1546
1546
1546
387
3
387
1546
1546
2859
11590
11590
11590
11358
773
3
3
3
3
3
3
3
3
3
19161
19548
19548
19548
19548
19548
19548
19548
12980
11049
12826
19548
19548
19548
19548
19548
19548
19548
9504
3
3
3
3
3
3
3
3
3
13444
19548
19548
19548
19548
19548
19548
19548
19548
19548
19548
19548
19239
19084
19084
13058
9040
9040
4404
3
3
3
3
3
3
3
3
3
3
9117
9504
9504
9504
12826
19548
19548
19548
11976
9504
9504
3168
3
3
3
3
3
3
3
3
3
3
3
3
3
3
3
3
3
3
3
3
3
3
3
3
3
3
3
3
3
3
3
3
3
3
3
3
3
3
3
3
3
3
3
3
3
3
3
3
3
3
3
3
3
3
3
3
3
3
3
3
3
3
3
3
3
3
3
3
3
3
3
3
3
3
3
3
3
3
3
3
3
3
3
3
3
3
3
3
3
3
3
3
3
3
3
3
3
3
3
3
3
3
3
3
3
3
3
3
3
3
3
3
3
3
3
3
3
3
3
3
3
3
3
3
3
3
3
3
3
3
3
3
3
3
3
3
3
3
3
3
3
3
3
3
3
3
3